
State Machine - |chipInterface|task5:comb_3|currState
Name currState.C_1_3_5_7_H_2_6_9_W_N currState.C_1_3_5_7_H_2_6_9_W currState.C_1_2_3_5_H_6_8_9_W_N currState.C_1_2_3_5_H_6_8_9_W currState.C_1_2_3_5_H_6_7_9_W_N currState.C_1_2_3_5_H_6_7_9_W currState.C_1_2_3_5_H_4_6_9_W_N currState.C_1_2_3_5_H_4_6_9_W currState.C_1_3_5_H_6_8_9_E currState.C_1_3_5_H_6_7_9_E currState.C_1_3_5_H_4_6_9_E currState.C_1_3_5_H_2_6_9_E currState.C_1_3_5_H_6_9_I currState.C_1_3_5_H_6_9 currState.C_1_5_9_H_6_8_W_N currState.C_1_5_9_H_6_8_W currState.C_1_5_9_H_6_7_W_N currState.C_1_5_9_H_6_7_W currState.C_1_5_9_H_4_6_W_N currState.C_1_5_9_H_4_6_W currState.C_1_5_9_H_3_6_W_N currState.C_1_5_9_H_3_6_W currState.C_1_5_9_H_2_6_W_N currState.C_1_5_9_H_2_6_W currState.C_1_5_H_6_9_E currState.C_1_5_H_6_8_E currState.C_1_5_H_6_7_E currState.C_1_5_H_4_6_E currState.C_1_5_H_3_6_E currState.C_1_5_H_2_6_E currState.C_1_5_H_6_I currState.C_1_5_H_6 currState.C_5_H_6_E currState.C_5_I currState.C_5 
currState.C_5 0 0 0 0 0 0 0 0 0 0 0 0 0 0 0 0 0 0 0 0 0 0 0 0 0 0 0 0 0 0 0 0 0 0 0 
currState.C_5_I 0 0 0 0 0 0 0 0 0 0 0 0 0 0 0 0 0 0 0 0 0 0 0 0 0 0 0 0 0 0 0 0 0 1 1 
currState.C_5_H_6_E 0 0 0 0 0 0 0 0 0 0 0 0 0 0 0 0 0 0 0 0 0 0 0 0 0 0 0 0 0 0 0 0 1 0 1 
currState.C_1_5_H_6 0 0 0 0 0 0 0 0 0 0 0 0 0 0 0 0 0 0 0 0 0 0 0 0 0 0 0 0 0 0 0 1 0 0 1 
currState.C_1_5_H_6_I 0 0 0 0 0 0 0 0 0 0 0 0 0 0 0 0 0 0 0 0 0 0 0 0 0 0 0 0 0 0 1 0 0 0 1 
currState.C_1_5_H_2_6_E 0 0 0 0 0 0 0 0 0 0 0 0 0 0 0 0 0 0 0 0 0 0 0 0 0 0 0 0 0 1 0 0 0 0 1 
currState.C_1_5_H_3_6_E 0 0 0 0 0 0 0 0 0 0 0 0 0 0 0 0 0 0 0 0 0 0 0 0 0 0 0 0 1 0 0 0 0 0 1 
currState.C_1_5_H_4_6_E 0 0 0 0 0 0 0 0 0 0 0 0 0 0 0 0 0 0 0 0 0 0 0 0 0 0 0 1 0 0 0 0 0 0 1 
currState.C_1_5_H_6_7_E 0 0 0 0 0 0 0 0 0 0 0 0 0 0 0 0 0 0 0 0 0 0 0 0 0 0 1 0 0 0 0 0 0 0 1 
currState.C_1_5_H_6_8_E 0 0 0 0 0 0 0 0 0 0 0 0 0 0 0 0 0 0 0 0 0 0 0 0 0 1 0 0 0 0 0 0 0 0 1 
currState.C_1_5_H_6_9_E 0 0 0 0 0 0 0 0 0 0 0 0 0 0 0 0 0 0 0 0 0 0 0 0 1 0 0 0 0 0 0 0 0 0 1 
currState.C_1_5_9_H_2_6_W 0 0 0 0 0 0 0 0 0 0 0 0 0 0 0 0 0 0 0 0 0 0 0 1 0 0 0 0 0 0 0 0 0 0 1 
currState.C_1_5_9_H_2_6_W_N 0 0 0 0 0 0 0 0 0 0 0 0 0 0 0 0 0 0 0 0 0 0 1 0 0 0 0 0 0 0 0 0 0 0 1 
currState.C_1_5_9_H_3_6_W 0 0 0 0 0 0 0 0 0 0 0 0 0 0 0 0 0 0 0 0 0 1 0 0 0 0 0 0 0 0 0 0 0 0 1 
currState.C_1_5_9_H_3_6_W_N 0 0 0 0 0 0 0 0 0 0 0 0 0 0 0 0 0 0 0 0 1 0 0 0 0 0 0 0 0 0 0 0 0 0 1 
currState.C_1_5_9_H_4_6_W 0 0 0 0 0 0 0 0 0 0 0 0 0 0 0 0 0 0 0 1 0 0 0 0 0 0 0 0 0 0 0 0 0 0 1 
currState.C_1_5_9_H_4_6_W_N 0 0 0 0 0 0 0 0 0 0 0 0 0 0 0 0 0 0 1 0 0 0 0 0 0 0 0 0 0 0 0 0 0 0 1 
currState.C_1_5_9_H_6_7_W 0 0 0 0 0 0 0 0 0 0 0 0 0 0 0 0 0 1 0 0 0 0 0 0 0 0 0 0 0 0 0 0 0 0 1 
currState.C_1_5_9_H_6_7_W_N 0 0 0 0 0 0 0 0 0 0 0 0 0 0 0 0 1 0 0 0 0 0 0 0 0 0 0 0 0 0 0 0 0 0 1 
currState.C_1_5_9_H_6_8_W 0 0 0 0 0 0 0 0 0 0 0 0 0 0 0 1 0 0 0 0 0 0 0 0 0 0 0 0 0 0 0 0 0 0 1 
currState.C_1_5_9_H_6_8_W_N 0 0 0 0 0 0 0 0 0 0 0 0 0 0 1 0 0 0 0 0 0 0 0 0 0 0 0 0 0 0 0 0 0 0 1 
currState.C_1_3_5_H_6_9 0 0 0 0 0 0 0 0 0 0 0 0 0 1 0 0 0 0 0 0 0 0 0 0 0 0 0 0 0 0 0 0 0 0 1 
currState.C_1_3_5_H_6_9_I 0 0 0 0 0 0 0 0 0 0 0 0 1 0 0 0 0 0 0 0 0 0 0 0 0 0 0 0 0 0 0 0 0 0 1 
currState.C_1_3_5_H_2_6_9_E 0 0 0 0 0 0 0 0 0 0 0 1 0 0 0 0 0 0 0 0 0 0 0 0 0 0 0 0 0 0 0 0 0 0 1 
currState.C_1_3_5_H_4_6_9_E 0 0 0 0 0 0 0 0 0 0 1 0 0 0 0 0 0 0 0 0 0 0 0 0 0 0 0 0 0 0 0 0 0 0 1 
currState.C_1_3_5_H_6_7_9_E 0 0 0 0 0 0 0 0 0 1 0 0 0 0 0 0 0 0 0 0 0 0 0 0 0 0 0 0 0 0 0 0 0 0 1 
currState.C_1_3_5_H_6_8_9_E 0 0 0 0 0 0 0 0 1 0 0 0 0 0 0 0 0 0 0 0 0 0 0 0 0 0 0 0 0 0 0 0 0 0 1 
currState.C_1_2_3_5_H_4_6_9_W 0 0 0 0 0 0 0 1 0 0 0 0 0 0 0 0 0 0 0 0 0 0 0 0 0 0 0 0 0 0 0 0 0 0 1 
currState.C_1_2_3_5_H_4_6_9_W_N 0 0 0 0 0 0 1 0 0 0 0 0 0 0 0 0 0 0 0 0 0 0 0 0 0 0 0 0 0 0 0 0 0 0 1 
currState.C_1_2_3_5_H_6_7_9_W 0 0 0 0 0 1 0 0 0 0 0 0 0 0 0 0 0 0 0 0 0 0 0 0 0 0 0 0 0 0 0 0 0 0 1 
currState.C_1_2_3_5_H_6_7_9_W_N 0 0 0 0 1 0 0 0 0 0 0 0 0 0 0 0 0 0 0 0 0 0 0 0 0 0 0 0 0 0 0 0 0 0 1 
currState.C_1_2_3_5_H_6_8_9_W 0 0 0 1 0 0 0 0 0 0 0 0 0 0 0 0 0 0 0 0 0 0 0 0 0 0 0 0 0 0 0 0 0 0 1 
currState.C_1_2_3_5_H_6_8_9_W_N 0 0 1 0 0 0 0 0 0 0 0 0 0 0 0 0 0 0 0 0 0 0 0 0 0 0 0 0 0 0 0 0 0 0 1 
currState.C_1_3_5_7_H_2_6_9_W 0 1 0 0 0 0 0 0 0 0 0 0 0 0 0 0 0 0 0 0 0 0 0 0 0 0 0 0 0 0 0 0 0 0 1 
currState.C_1_3_5_7_H_2_6_9_W_N 1 0 0 0 0 0 0 0 0 0 0 0 0 0 0 0 0 0 0 0 0 0 0 0 0 0 0 0 0 0 0 0 0 0 1 
